0 67
1 65
2 61
3 59
4 65
5 69
6 61
7 62
8 55
9 47
10 41
11 49
12 52
13 49
14 55
15 61
16 69
17 72
18 72
19 78
20 82
21 90
22 99
23 92
24 84
25 92
26 100
27 96
28 97
29 101
30 102
31 97
32 88
33 94
34 97
35 88
36 78
37 68
38 65
39 74
40 64
41 68
42 73
43 76
44 85
45 78
46 77
47 71
48 68
49 59
50 53
51 56
52 60
53 60
54 57
55 47
56 54
57 54
58 46
59 47
60 41
61 33
62 38
63 44
64 53
65 47
66 37
67 43
68 51
69 59
70 54
71 63
72 59
73 63
74 69
75 72
76 72
77 78
78 78
79 87
80 77
81 73
82 75
83 82
84 79
85 83
86 92
87 96
88 97
89 100
90 107
91 105
92 102
93 102
94 94
95 104
96 102
97 95
98 96
99 102
100 94
101 89
102 93
103 86
104 91
105 96
106 106
107 105
108 112
109 105
110 103
111 106
112 100
113 91
114 94
115 88
116 86
117 77
118 80
119 87
120 94
121 99
122 105
123 107
124 117
125 119
126 129
127 134
128 134
129 143
130 141
131 146
132 137
133 128
134 127
135 137
136 130
137 139
138 147
139 143
140 136
141 131
142 138
143 129
144 133
145 142
146 138
147 129
148 135
149 138
150 138
151 147
152 141
153 136
154 130
155 121
156 121
157 129
158 127
159 119
160 120
161 130
162 125
163 116
164 108
165 107
166 102
167 106
168 115
169 113
170 108
171 106
172 103
173 99
174 106
175 113
176 115
177 122
178 120
179 128
