0 6.30159
1 5.87302
2 5.73016
3 5.5873
4 6.15873
5 5.01587
6 3.87302
7 4.30159
8 4.5873
9 5.15873
10 5.73016
11 4.73016
12 4.01587
13 3.15873
14 3.30159
15 4.15873
16 3.01587
17 2.87302
18 2.87302
19 3.44444
20 3.5873
21 2.30159
22 1.73016
23 0.730159
24 1.5873
25 0.301587
26 0.587302
27 2.5873
28 2.30159
29 2.30159
30 2.73016
31 4.15873
32 5.44444
33 6.30159
34 6.30159
35 5.15873
36 3.87302
37 4.87302
38 6.15873
39 6.73016
40 7.87302
41 7.15873
42 6.01587
43 6.01587
44 5.5873
45 5.30159
46 4.73016
47 3.73016
48 3.30159
49 2.01587
50 2.73016
51 1.5873
52 0.873016
53 1.5873
54 2.01587
55 1.5873
56 0.444444
57 2.44444
58 1.5873
59 1.30159
60 2.5873
61 1.73016
62 2.44444
63 3.44444
64 2.01587
65 2.5873
66 3.5873
67 2.44444
68 1.01587
69 0.301587
70 0.873016
71 0.15873
72 2.15873
73 3.44444
74 2.5873
75 2.44444
76 2.87302
77 2.73016
78 2.15873
79 0.873016
80 0.873016
81 1.44444
82 0.015873
83 1.73016
84 1.30159
85 2.44444
86 2.44444
87 2.5873
88 2.44444
89 2.15873
90 2.01587
91 3.44444
92 2.87302
93 2.87302
94 2.44444
95 3.15873
96 4.44444
97 3.5873
98 3.01587
99 3.5873
100 2.73016
101 4.01587
102 4.5873
103 5.44444
104 5.01587
105 6.15873
106 4.73016
107 4.15873
108 4.15873
109 3.73016
110 2.87302
111 1.87302
112 1.30159
113 2.15873
114 1.5873
115 3.01587
116 2.15873
117 0.873016
118 0.301587
119 0.015873
120 1.87302
121 0.015873
122 0.873016
123 1.01587
124 1.5873
125 2.73016
126 1.73016
127 1.15873
128 1.87302
129 1.5873
130 1.15873
131 2.87302
132 1.15873
133 2.01587
134 0.730159
135 0.587302
136 2.73016
137 3.5873
138 3.30159
139 4.01587
140 4.01587
141 5.01587
142 6.30159
143 7.5873
144 6.5873
145 7.5873
146 7.15873
147 7.30159
148 6.15873
149 7.5873
150 9.01587
151 8.5873
152 8.01587
153 7.30159
154 6.73016
155 6.73016
156 7.87302
157 6.73016
158 5.5873
159 6.15873
160 5.73016
161 4.87302
162 5.73016
163 4.73016
164 5.5873
165 6.44444
166 6.5873
167 6.73016
168 8.01587
169 7.01587
170 6.44444
171 5.44444
172 5.5873
173 6.01587
174 4.5873
175 5.15873
176 5.01587
177 5.44444
178 5.44444
179 6.44444
