0 44
1 41
2 40
3 39
4 43
5 35
6 27
7 30
8 32
9 36
10 40
11 33
12 28
13 22
14 23
15 29
16 21
17 20
18 20
19 24
20 25
21 16
22 12
23 5
24 11
25 2
26 4
27 18
28 16
29 16
30 19
31 29
32 38
33 44
34 44
35 36
36 27
37 34
38 43
39 47
40 55
41 50
42 42
43 42
44 39
45 37
46 33
47 26
48 23
49 14
50 19
51 11
52 6
53 11
54 14
55 11
56 3
57 17
58 11
59 9
60 18
61 12
62 17
63 24
64 14
65 18
66 25
67 17
68 7
69 2
70 6
71 1
72 15
73 24
74 18
75 17
76 20
77 19
78 15
79 6
80 6
81 10
82 0
83 12
84 9
85 17
86 17
87 18
88 17
89 15
90 14
91 24
92 20
93 20
94 17
95 22
96 31
97 25
98 21
99 25
100 19
101 28
102 32
103 38
104 35
105 43
106 33
107 29
108 29
109 26
110 20
111 13
112 9
113 15
114 11
115 21
116 15
117 6
118 2
119 0
120 13
121 0
122 6
123 7
124 11
125 19
126 12
127 8
128 13
129 11
130 8
131 20
132 8
133 14
134 5
135 4
136 19
137 25
138 23
139 28
140 28
141 35
142 44
143 53
144 46
145 53
146 50
147 51
148 43
149 53
150 63
151 60
152 56
153 51
154 47
155 47
156 55
157 47
158 39
159 43
160 40
161 34
162 40
163 33
164 39
165 45
166 46
167 47
168 56
169 49
170 45
171 38
172 39
173 42
174 32
175 36
176 35
177 38
178 38
179 45
