0 2.69298 
1 2.53509 
2 2.2193 
3 2.0614 
4 2.53509 
5 2.85088 
6 2.2193 
7 2.29825 
8 1.74561 
9 1.11404 
10 0.640351 
11 1.27193 
12 1.50877 
13 1.27193 
14 1.74561 
15 2.2193 
16 2.85088 
17 3.08772 
18 3.08772 
19 3.5614 
20 3.87719 
21 4.50877 
22 5.2193 
23 4.66667 
24 4.03509 
25 4.66667 
26 5.29825 
27 4.98246 
28 5.0614 
29 5.37719 
30 5.45614 
31 5.0614 
32 4.35088 
33 4.82456 
34 5.0614 
35 4.35088 
36 3.5614 
37 2.77193 
38 2.53509 
39 3.24561 
40 2.45614 
41 2.77193 
42 3.16667 
43 3.40351 
44 4.11404 
45 3.5614 
46 3.48246 
47 3.00877 
48 2.77193 
49 2.0614 
50 1.58772 
51 1.82456 
52 2.14035 
53 2.14035 
54 1.90351 
55 1.11404 
56 1.66667 
57 1.66667 
58 1.03509 
59 1.11404 
60 0.640351 
61 0.00877193 
62 0.403509 
63 0.877193 
64 1.58772 
65 1.11404 
66 0.324561 
67 0.798246 
68 1.42982 
69 2.0614 
70 1.66667 
71 2.37719 
72 2.0614 
73 2.37719 
74 2.85088 
75 3.08772 
76 3.08772 
77 3.5614 
78 3.5614 
79 4.27193 
80 3.48246 
81 3.16667 
82 3.32456 
83 3.87719 
84 3.64035 
85 3.95614 
86 4.66667 
87 4.98246 
88 5.0614 
89 5.29825 
90 5.85088 
91 5.69298 
92 5.45614 
93 5.45614 
94 4.82456 
95 5.61404 
96 5.45614 
97 4.90351 
98 4.98246 
99 5.45614 
100 4.82456 
101 4.42982 
102 4.74561 
103 4.19298 
104 4.58772 
105 4.98246 
106 5.77193 
107 5.69298 
108 6.24561 
109 5.69298 
110 5.53509 
111 5.77193 
112 5.29825 
113 4.58772 
114 4.82456 
115 4.35088 
116 4.19298 
117 3.48246 
118 3.7193 
119 4.27193 
120 4.82456 
121 5.2193 
122 5.69298 
123 5.85088 
124 6.64035 
125 6.79825 
126 7.58772 
127 7.98246 
128 7.98246 
129 8.69298 
130 8.53509 
131 8.92982 
132 8.2193 
133 7.50877 
134 7.42982 
135 8.2193 
136 7.66667 
137 8.37719 
138 9.00877 
139 8.69298 
140 8.14035 
141 7.74561 
142 8.29825 
143 7.58772 
144 7.90351 
145 8.61404 
146 8.29825 
147 7.58772 
148 8.0614 
149 8.29825 
150 8.29825 
151 9.00877 
152 8.53509 
153 8.14035 
154 7.66667 
155 6.95614 
156 6.95614 
157 7.58772 
158 7.42982 
159 6.79825 
160 6.87719 
161 7.66667 
162 7.27193 
163 6.5614 
164 5.92982 
165 5.85088 
166 5.45614 
167 5.77193 
168 6.48246 
169 6.32456 
170 5.92982 
171 5.77193 
172 5.53509 
173 5.2193 
174 5.77193 
175 6.32456 
176 6.48246 
177 7.03509 
178 6.87719 
179 7.50877 
